0.0023479461669921875 8.821487426757812e-06 1.0664182890870163e-05
0.006779909133911133 7.867813110351562e-06 1.0494353016427795e-05
0.003100872039794922 9.775161743164062e-06 1.0388392488582214e-05
0.0018317699432373047 8.106231689453125e-06 1.0325965295813492e-05
0.0006709098815917969 8.821487426757812e-06 1.0132703542499106e-05
0.0004398822784423828 7.867813110351562e-06 1.0214737457152608e-05
0.0006630420684814453 7.867813110351562e-06 1.0150815549140674e-05
0.0003650188446044922 8.821487426757812e-06 1.0092116931758861e-05
0.00024199485778808594 9.775161743164062e-06 1.0128095877443882e-05
0.0011408329010009766 8.821487426757812e-06 1.0095177320155728e-05
0.000926971435546875 8.344650268554688e-06 1.0125365968944745e-05
0.0012691020965576172 8.821487426757812e-06 1.0218071164908233e-05
0.0006611347198486328 7.867813110351562e-06 1.0074031205824864e-05
0.008966207504272461 9.059906005859375e-06 1.0112824158273256e-05
0.0008969306945800781 8.821487426757812e-06 1.0089561132947394e-05
0.00144195556640625 9.775161743164062e-06 1.0105043754796292e-05
0.0003719329833984375 9.775161743164062e-06 1.0184086924927996e-05
0.0003559589385986328 1.0013580322265625e-05 1.0112686841576187e-05
0.0009999275207519531 8.821487426757812e-06 1.0287801109293782e-05
0.014178991317749023 8.821487426757812e-06 1.0231426363479103e-05
0.00041103363037109375 8.106231689453125e-06 1.0188119699505062e-05
0.0010519027709960938 8.821487426757812e-06 1.0122364055122227e-05
0.0003478527069091797 8.821487426757812e-06 1.022892575415354e-05
0.00034499168395996094 7.867813110351562e-06 1.0242243502716118e-05
0.0004971027374267578 8.821487426757812e-06 1.0176943171591985e-05
0.0010771751403808594 8.106231689453125e-06 1.013587233881471e-05
0.007646083831787109 7.867813110351562e-06 1.0250747939686717e-05
0.0029501914978027344 9.059906005859375e-06 1.1367111005270082e-05
0.002750873565673828 9.059906005859375e-06 1.1846677414954654e-05
0.0006997585296630859 7.867813110351562e-06 1.0284496967334176e-05
0.00026488304138183594 8.106231689453125e-06 1.0117759018137762e-05
0.00048089027404785156 8.821487426757812e-06 1.0580838225926461e-05
0.0008327960968017578 8.821487426757812e-06 1.0195222060726644e-05
0.0023810863494873047 9.775161743164062e-06 1.0143430670312683e-05
0.0006861686706542969 7.867813110351562e-06 1.0197165519051662e-05
0.0004489421844482422 6.9141387939453125e-06 1.0202578687793993e-05
0.0003571510314941406 7.867813110351562e-06 1.0107218483347952e-05
0.0003960132598876953 8.106231689453125e-06 1.011055810426278e-05
0.0003819465637207031 7.867813110351562e-06 1.0086680110379713e-05
0.0003509521484375 8.821487426757812e-06 1.011525775179451e-05
0.0003650188446044922 7.867813110351562e-06 1.0135567482606864e-05
0.0006089210510253906 8.821487426757812e-06 1.0127783794041453e-05
0.0012328624725341797 9.059906005859375e-06 1.0323402269807442e-05
0.0002739429473876953 8.821487426757812e-06 1.0244769078713876e-05
0.0006191730499267578 8.821487426757812e-06 1.0290783969603307e-05
0.0005748271942138672 7.867813110351562e-06 1.0135401257131465e-05
0.0003829002380371094 9.775161743164062e-06 1.0215560700317328e-05
0.0005869865417480469 8.821487426757812e-06 1.0130193734925891e-05
0.00038695335388183594 8.821487426757812e-06 1.0232394807553166e-05
0.0016989707946777344 7.867813110351562e-06 1.0189941609557554e-05
0.00043010711669921875 8.821487426757812e-06 1.0201076745356202e-05
0.0009860992431640625 7.867813110351562e-06 1.0263239817013817e-05
0.000560760498046875 8.821487426757812e-06 1.0136267863463683e-05
0.008597135543823242 9.775161743164062e-06 1.0143750637927383e-05
0.0005917549133300781 8.821487426757812e-06 1.0126445449008303e-05
0.0008401870727539062 8.821487426757812e-06 1.0136947219754443e-05
0.0009641647338867188 7.867813110351562e-06 1.0171626584449983e-05
0.0011851787567138672 1.0013580322265625e-05 1.0160163596824363e-05
0.0009930133819580078 9.059906005859375e-06 1.0179674394126501e-05
0.0006859302520751953 8.821487426757812e-06 1.0107866302789624e-05
0.0003287792205810547 7.867813110351562e-06 1.0285413507010782e-05
0.0003368854522705078 7.867813110351562e-06 1.0111472672886319e-05
0.0009949207305908203 8.821487426757812e-06 1.027815411856145e-05
0.00035309791564941406 9.775161743164062e-06 1.0103277691247392e-05
0.0004329681396484375 8.821487426757812e-06 1.0284282779567456e-05
0.0015909671783447266 8.821487426757812e-06 1.0179713815187862e-05
0.00886678695678711 8.106231689453125e-06 1.0244709947121836e-05
0.000335693359375 8.821487426757812e-06 1.0117910789223996e-05
0.0003299713134765625 7.867813110351562e-06 1.0163517672128358e-05
0.0008859634399414062 1.0013580322265625e-05 1.0339592499707741e-05
0.0061571598052978516 9.059906005859375e-06 1.0506262119064466e-05
0.0004489421844482422 8.821487426757812e-06 1.014088012764273e-05
0.0018711090087890625 7.867813110351562e-06 1.0240704767287724e-05
0.0012438297271728516 6.9141387939453125e-06 1.0231472354717356e-05
0.0005059242248535156 7.867813110351562e-06 1.0207766499468889e-05
0.00046515464782714844 8.821487426757812e-06 1.0173962282335526e-05
0.0005538463592529297 7.867813110351562e-06 1.0193339705046733e-05
0.0011720657348632812 7.867813110351562e-06 1.0132677261791532e-05
0.000324249267578125 7.867813110351562e-06 1.0162812035130026e-05
0.00690770149230957 1.0013580322265625e-05 1.0198930268565183e-05
0.0005869865417480469 7.867813110351562e-06 1.0191553273949463e-05
0.0002608299255371094 9.059906005859375e-06 1.0061179282804015e-05
0.0017638206481933594 8.106231689453125e-06 1.0173669909463777e-05
0.00043892860412597656 8.821487426757812e-06 1.0075056810437898e-05
0.0003731250762939453 8.821487426757812e-06 1.0142144886694678e-05
0.0003509521484375 8.821487426757812e-06 1.009523382367701e-05
0.0012390613555908203 1.0013580322265625e-05 1.0276782265626144e-05
0.00024890899658203125 8.821487426757812e-06 1.0159551256337914e-05
0.0007250308990478516 8.106231689453125e-06 1.0225385742843466e-05
0.0002589225769042969 8.821487426757812e-06 1.008952499697448e-05
0.00042176246643066406 7.152557373046875e-06 1.0148204560843304e-05
0.0012149810791015625 8.821487426757812e-06 1.0092570273964494e-05
0.0003600120544433594 8.106231689453125e-06 1.0255294502096832e-05
0.007799863815307617 7.867813110351562e-06 1.0105126539025147e-05
0.003987789154052734 7.867813110351562e-06 1.0403009161116585e-05
0.0009860992431640625 8.106231689453125e-06 1.01245749196468e-05
0.0011889934539794922 8.106231689453125e-06 1.0221177544543352e-05
0.0010869503021240234 6.67572021484375e-06 1.0201979487661331e-05
0.0005948543548583984 6.9141387939453125e-06 1.0173091733897174e-05
0.00043511390686035156 9.298324584960938e-06 1.0165256797951996e-05
